201.832272630014
189.702324564334
209.49221831131
203.070619191467
201.351749420995
205.152463355248
202.614063240554
190.585142290446
198.376623271962
198.539453656685
194.679886231912
216.821035946632
191.2427065384
195.161849498899
192.879954509726
188.257876685432
198.077604824607
197.259297700674
215.300725144241
197.509752574863
189.357865871107
216.0345729812
212.346791468908
197.703735490368
184.938402960203
195.55372183553
198.440589642752
202.760682539315
197.388363542235
204.434219129041
203.918942094325
187.493210931736
190.520390776686
192.588939060596
194.921824497218
196.794244933998
200.124690413616
169.708226585959
195.429853591284
212.424484063907
189.332986010152
209.337281626712
203.503210013561
199.709942362913
201.82452167506
184.349439858493
199.154605201823
216.039463506029
200.983477746401
200.413736134896
192.658308873033
199.691862699877
202.323470126245
204.263875574089
196.271912582765
197.635454162428
220.236908866031
177.416460295038
222.294456804569
203.375637006131
210.000608195891
183.358355250129
194.099654357948
197.219358362347
204.227156912205
183.297993021495
204.716343264163
187.871528003255
200.661900484246
206.523558886614
203.270599671771
210.826335042368
210.060771108191
193.490922634022
202.57056157434
190.556221935958
186.782114786074
209.248259334937
200.000498490753
199.450810853906
209.111272656539
205.945836974091
203.502011738745
212.50251228305
209.297894585577
202.397632570586
193.096388968888
193.484463582497
211.921018705313
183.881696113222
199.755380633641
180.511528231011
210.204980144527
208.617163023934
200.011620834835
199.291627868395
175.137160792967
205.811723226759
178.075650800341
176.807196933567
